1 0.857236 -6.448475e-02 0.510870 3.004370e+03 -0.514563 -1.444510e-01 0.845198 3.690592e+02 0.019294 -9.874088e-01 -0.157009 1.287373e+02 0.000000 0 0.000000 1 
4 0.861182 -6.378903e-02 0.504280 3.004466e+03 -0.507946 -1.449456e-01 0.849107 3.692303e+02 0.018930 -9.873815e-01 -0.157225 1.287282e+02 0.000000 0 0.000000 1 
6 0.868322 -5.970806e-02 0.492396 3.004547e+03 -0.495618 -1.435118e-01 0.856602 3.694035e+02 0.019519 -9.878460e-01 -0.154206 1.287177e+02 0.000000 0 0.000000 1 
8 0.878726 -5.326060e-02 0.474348 3.004653e+03 -0.476808 -1.443449e-01 0.867075 3.696568e+02 0.022289 -9.880933e-01 -0.152234 1.287005e+02 0.000000 0 0.000000 1 
10 0.890909 -5.544047e-02 0.450787 3.004807e+03 -0.453887 -1.445442e-01 0.879257 3.699847e+02 0.016413 -9.879442e-01 -0.153939 1.286813e+02 0.000000 0 0.000000 1 
11 0.897549 -5.743481e-02 0.437160 3.004894e+03 -0.440761 -1.432161e-01 0.886126 3.701721e+02 0.011714 -9.880237e-01 -0.153858 1.286724e+02 0.000000 0 0.000000 1 
12 0.903847 -5.749714e-02 0.423976 3.004982e+03 -0.427755 -1.429844e-01 0.892514 3.703795e+02 0.009305 -9.880536e-01 -0.153830 1.286604e+02 0.000000 0 0.000000 1 
13 0.909886 -5.444530e-02 0.411272 3.005069e+03 -0.414737 -1.435594e-01 0.898545 3.706057e+02 0.010121 -9.881431e-01 -0.153202 1.286463e+02 0.000000 0 0.000000 1 
14 0.915580 -4.956011e-02 0.399071 3.005157e+03 -0.401921 -1.452765e-01 0.904076 3.708491e+02 0.013170 -9.881493e-01 -0.152931 1.286270e+02 0.000000 0 0.000000 1 
15 0.920889 -4.575827e-02 0.387130 3.005250e+03 -0.389510 -1.478993e-01 0.909069 3.711084e+02 0.015659 -9.879435e-01 -0.154021 1.286057e+02 0.000000 0 0.000000 1 
16 0.926354 -4.408278e-02 0.374067 3.005351e+03 -0.376298 -1.515824e-01 0.914014 3.713822e+02 0.016410 -9.874614e-01 -0.157006 1.285830e+02 0.000000 0 0.000000 1 
17 0.931619 -4.922470e-02 0.360088 3.005466e+03 -0.363296 -1.537368e-01 0.918902 3.716663e+02 0.010126 -9.868852e-01 -0.161106 1.285649e+02 0.000000 0 0.000000 1 
18 0.935950 -5.790503e-02 0.347341 3.005592e+03 -0.352133 -1.568162e-01 0.922719 3.719656e+02 0.001039 -9.859291e-01 -0.167161 1.285453e+02 0.000000 0 0.000000 1 
19 0.939551 -6.366023e-02 0.336441 3.005717e+03 -0.342374 -1.603716e-01 0.925776 3.722808e+02 -0.004979 -9.850019e-01 -0.172472 1.285260e+02 0.000000 0 0.000000 1 
20 0.942600 -6.394150e-02 0.327747 3.005835e+03 -0.333868 -1.620980e-01 0.928577 3.726091e+02 -0.006247 -9.847011e-01 -0.174141 1.285070e+02 0.000000 0 0.000000 1 
21 0.944567 -6.027939e-02 0.322739 3.005953e+03 -0.328302 -1.631538e-01 0.930375 3.729520e+02 -0.003426 -9.847577e-01 -0.173899 1.284834e+02 0.000000 0 0.000000 1 
22 0.945810 -5.416681e-02 0.320172 3.006073e+03 -0.324717 -1.629992e-01 0.931660 3.733089e+02 0.001723 -9.851384e-01 -0.171754 1.284602e+02 0.000000 0 0.000000 1 
23 0.946658 -5.194642e-02 0.318027 3.006208e+03 -0.322232 -1.601313e-01 0.933019 3.736797e+02 0.002459 -9.857281e-01 -0.168328 1.284343e+02 0.000000 0 0.000000 1 
24 0.947364 -5.434986e-02 0.315514 3.006360e+03 -0.320157 -1.561912e-01 0.934400 3.740667e+02 -0.001504 -9.862306e-01 -0.165369 1.284037e+02 0.000000 0 0.000000 1 
25 0.947759 -6.454181e-02 0.312393 3.006533e+03 -0.318731 -1.521131e-01 0.935560 3.744719e+02 -0.012863 -9.862537e-01 -0.164737 1.283682e+02 0.000000 0 0.000000 1 
26 0.947810 -7.203013e-02 0.310594 3.006712e+03 -0.318140 -1.493076e-01 0.936212 3.748965e+02 -0.021061 -9.861640e-01 -0.164430 1.283320e+02 0.000000 0 0.000000 1 
27 0.947535 -7.254554e-02 0.311312 3.006884e+03 -0.318943 -1.497109e-01 0.935875 3.753444e+02 -0.021286 -9.860650e-01 -0.164993 1.283016e+02 0.000000 0 0.000000 1 
28 0.946572 -6.659618e-02 0.315543 3.007053e+03 -0.322195 -1.531493e-01 0.934203 3.758165e+02 -0.013889 -9.859567e-01 -0.166423 1.282731e+02 0.000000 0 0.000000 1 
29 0.944773 -6.164081e-02 0.321878 3.007232e+03 -0.327648 -1.561407e-01 0.931808 3.763058e+02 -0.007179 -9.858098e-01 -0.167713 1.282413e+02 0.000000 0 0.000000 1 
30 0.943031 -6.145896e-02 0.326982 3.007432e+03 -0.332651 -1.559453e-01 0.930067 3.768044e+02 -0.006169 -9.858521e-01 -0.167505 1.282007e+02 0.000000 0 0.000000 1 
31 0.941539 -6.595502e-02 0.330387 3.007657e+03 -0.336731 -1.526374e-01 0.929147 3.773100e+02 -0.010852 -9.860792e-01 -0.165922 1.281550e+02 0.000000 0 0.000000 1 
32 0.939270 -7.248873e-02 0.335436 3.007893e+03 -0.342784 -1.512503e-01 0.927158 3.778363e+02 -0.016473 -9.858343e-01 -0.166912 1.281118e+02 0.000000 0 0.000000 1 
33 0.936994 -7.189098e-02 0.341869 3.008126e+03 -0.349089 -1.551568e-01 0.924155 3.783886e+02 -0.013395 -9.852708e-01 -0.170476 1.280709e+02 0.000000 0 0.000000 1 
34 0.934729 -6.954350e-02 0.348492 3.008364e+03 -0.355273 -1.608002e-01 0.920828 3.789607e+02 -0.008000 -9.845341e-01 -0.175011 1.280251e+02 0.000000 0 0.000000 1 
35 0.932393 -6.537625e-02 0.355487 3.008611e+03 -0.361446 -1.649132e-01 0.917693 3.795463e+02 -0.001371 -9.841392e-01 -0.177393 1.279703e+02 0.000000 0 0.000000 1 
36 0.929672 -6.512008e-02 0.362588 3.008875e+03 -0.368388 -1.665416e-01 0.914633 3.801419e+02 0.000825 -9.838820e-01 -0.178818 1.279159e+02 0.000000 0 0.000000 1 
37 0.926418 -6.651904e-02 0.370575 3.009158e+03 -0.376493 -1.683566e-01 0.910993 3.807510e+02 0.001791 -9.834794e-01 -0.181012 1.278631e+02 0.000000 0 0.000000 1 
38 0.922053 -6.690345e-02 0.381240 3.009454e+03 -0.387042 -1.704228e-01 0.906176 3.813697e+02 0.004346 -9.830974e-01 -0.183032 1.278065e+02 0.000000 0 0.000000 1 
39 0.916111 -6.628261e-02 0.395409 3.009765e+03 -0.400817 -1.743341e-01 0.899418 3.819968e+02 0.009318 -9.824534e-01 -0.186276 1.277425e+02 0.000000 0 0.000000 1 
40 0.908597 -6.693907e-02 0.412276 3.010094e+03 -0.417460 -1.771510e-01 0.891260 3.826257e+02 0.013375 -9.819049e-01 -0.188902 1.276798e+02 0.000000 0 0.000000 1 
41 0.900162 -7.086465e-02 0.429753 3.010448e+03 -0.435325 -1.785719e-01 0.882385 3.832508e+02 0.014212 -9.813719e-01 -0.191592 1.276190e+02 0.000000 0 0.000000 1 
42 0.890980 -7.415612e-02 0.447948 3.010820e+03 -0.453797 -1.780263e-01 0.873141 3.838730e+02 0.014998 -9.812278e-01 -0.192269 1.275562e+02 0.000000 0 0.000000 1 
43 0.881466 -7.570573e-02 0.466141 3.011206e+03 -0.471937 -1.771125e-01 0.863659 3.844957e+02 0.017176 -9.812748e-01 -0.191846 1.274909e+02 0.000000 0 0.000000 1 
44 0.871737 -7.716314e-02 0.483860 3.011605e+03 -0.489574 -1.770795e-01 0.853791 3.851185e+02 0.019801 -9.811672e-01 -0.192143 1.274243e+02 0.000000 0 0.000000 1 
45 0.862170 -7.831973e-02 0.500529 3.012022e+03 -0.506147 -1.758307e-01 0.844333 3.857377e+02 0.021881 -9.813002e-01 -0.191236 1.273616e+02 0.000000 0 0.000000 1 
46 0.852582 -7.705238e-02 0.516883 3.012449e+03 -0.521980 -1.734947e-01 0.835126 3.863544e+02 0.025328 -9.818162e-01 -0.188137 1.273014e+02 0.000000 0 0.000000 1 
47 0.842543 -7.475313e-02 0.533417 3.012890e+03 -0.537785 -1.721915e-01 0.825310 3.869717e+02 0.030156 -9.822233e-01 -0.185279 1.272374e+02 0.000000 0 0.000000 1 
48 0.832552 -7.242477e-02 0.549192 3.013345e+03 -0.552791 -1.726591e-01 0.815237 3.875874e+02 0.035780 -9.823156e-01 -0.183783 1.271703e+02 0.000000 0 0.000000 1 
49 0.823121 -7.051958e-02 0.563472 3.013810e+03 -0.566247 -1.768457e-01 0.805041 3.882051e+02 0.042877 -9.817092e-01 -0.185496 1.271061e+02 0.000000 0 0.000000 1 
50 0.814010 -6.747573e-02 0.576918 3.014283e+03 -0.578529 -1.829070e-01 0.794889 3.888229e+02 0.051887 -9.808122e-01 -0.187924 1.270434e+02 0.000000 0 0.000000 1 
51 0.805300 -6.637543e-02 0.589141 3.014766e+03 -0.590261 -1.828540e-01 0.786229 3.894238e+02 0.055541 -9.808971e-01 -0.186430 1.269852e+02 0.000000 0 0.000000 1 
52 0.798002 -6.555024e-02 0.599080 3.015253e+03 -0.599723 -1.843247e-01 0.778689 3.900127e+02 0.059382 -9.806773e-01 -0.186403 1.269203e+02 0.000000 0 0.000000 1 
53 0.791879 -6.562221e-02 0.607143 3.015739e+03 -0.607650 -1.835698e-01 0.772699 3.905866e+02 0.060747 -9.808141e-01 -0.185240 1.268614e+02 0.000000 0 0.000000 1 
54 0.787403 -6.346399e-02 0.613163 3.016216e+03 -0.613081 -1.842980e-01 0.768222 3.911525e+02 0.064251 -9.808196e-01 -0.184025 1.268093e+02 0.000000 0 0.000000 1 
55 0.784737 -6.144804e-02 0.616776 3.016686e+03 -0.616251 -1.841154e-01 0.765726 3.917068e+02 0.066506 -9.809822e-01 -0.182349 1.267573e+02 0.000000 0 0.000000 1 
56 0.784525 -6.055068e-02 0.617134 3.017149e+03 -0.616526 -1.828324e-01 0.765812 3.922503e+02 0.066462 -9.812779e-01 -0.180767 1.267025e+02 0.000000 0 0.000000 1 
57 0.786875 -6.062930e-02 0.614127 3.017600e+03 -0.613594 -1.829934e-01 0.768125 3.927878e+02 0.065811 -9.812431e-01 -0.181194 1.266526e+02 0.000000 0 0.000000 1 
58 0.791813 -5.927081e-02 0.607881 3.018030e+03 -0.607031 -1.862375e-01 0.772547 3.933223e+02 0.067421 -9.807156e-01 -0.183444 1.266026e+02 0.000000 0 0.000000 1 
59 0.799112 -5.466061e-02 0.598692 3.018431e+03 -0.596871 -1.911874e-01 0.779225 3.938559e+02 0.071870 -9.800306e-01 -0.185405 1.265524e+02 0.000000 0 0.000000 1 
60 0.808114 -4.745778e-02 0.587112 3.018806e+03 -0.583732 -1.978749e-01 0.787466 3.943860e+02 0.078804 -9.790780e-01 -0.187607 1.264988e+02 0.000000 0 0.000000 1 
61 0.818193 -4.123908e-02 0.573464 3.019162e+03 -0.568907 -2.022435e-01 0.797146 3.949060e+02 0.083106 -9.784668e-01 -0.188934 1.264482e+02 0.000000 0 0.000000 1 
62 0.829358 -3.387729e-02 0.557690 3.019493e+03 -0.552132 -2.025067e-01 0.808790 3.954131e+02 0.085537 -9.786950e-01 -0.186654 1.264052e+02 0.000000 0 0.000000 1 
63 0.841990 -2.544897e-02 0.538894 3.019805e+03 -0.532549 -1.989707e-01 0.822680 3.959182e+02 0.086288 -9.796752e-01 -0.181083 1.263663e+02 0.000000 0 0.000000 1 
64 0.856471 -1.737066e-02 0.515904 3.020098e+03 -0.509065 -1.939795e-01 0.838585 3.964296e+02 0.085508 -9.808520e-01 -0.174980 1.263245e+02 0.000000 0 0.000000 1 
65 0.873158 -1.305304e-02 0.487263 3.020377e+03 -0.480632 -1.895089e-01 0.856200 3.969547e+02 0.081165 -9.817925e-01 -0.171744 1.262777e+02 0.000000 0 0.000000 1 
66 0.892246 -1.211497e-02 0.451387 3.020641e+03 -0.445237 -1.901731e-01 0.874984 3.975072e+02 0.075242 -9.816761e-01 -0.175074 1.262269e+02 0.000000 0 0.000000 1 
67 0.912241 -1.023186e-02 0.409527 3.020873e+03 -0.403466 -1.955575e-01 0.893853 3.980821e+02 0.070941 -9.806391e-01 -0.182523 1.261750e+02 0.000000 0 0.000000 1 
68 0.931737 -5.016907e-03 0.363099 3.021065e+03 -0.356816 -1.983529e-01 0.912874 3.986699e+02 0.067442 -9.801181e-01 -0.186602 1.261257e+02 0.000000 0 0.000000 1 
69 0.949837 9.550336e-04 0.312747 3.021222e+03 -0.306501 -1.960356e-01 0.931465 3.992601e+02 0.062199 -9.805966e-01 -0.185908 1.260837e+02 0.000000 0 0.000000 1 
70 0.965413 1.227481e-02 0.260439 3.021336e+03 -0.253348 -1.918107e-01 0.948168 3.998516e+02 0.061594 -9.813554e-01 -0.182066 1.260414e+02 0.000000 0 0.000000 1 
71 0.977794 2.326521e-02 0.208274 3.021408e+03 -0.200584 -1.839989e-01 0.962242 4.004501e+02 0.060709 -9.826513e-01 -0.175246 1.259952e+02 0.000000 0 0.000000 1 
72 0.987112 3.635730e-02 0.155851 3.021455e+03 -0.147169 -1.763566e-01 0.973262 4.010560e+02 0.062871 -9.836549e-01 -0.168732 1.259548e+02 0.000000 0 0.000000 1 
73 0.993194 5.023656e-02 0.105082 3.021472e+03 -0.095004 -1.725235e-01 0.980413 4.016801e+02 0.067382 -9.837237e-01 -0.166576 1.259076e+02 0.000000 0 0.000000 1 
74 0.996095 6.704307e-02 0.057454 3.021451e+03 -0.045454 -1.684894e-01 0.984655 4.023126e+02 0.075695 -9.834211e-01 -0.164783 1.258638e+02 0.000000 0 0.000000 1 
75 0.996721 8.008591e-02 0.011573 3.021409e+03 0.001645 -1.630469e-01 0.986617 4.029531e+02 0.080901 -9.833628e-01 -0.162643 1.258230e+02 0.000000 0 0.000000 1 
76 0.995851 8.380054e-02 -0.035477 3.021356e+03 0.048375 -1.572816e-01 0.986368 4.035982e+02 0.077079 -9.839921e-01 -0.160682 1.257871e+02 0.000000 0 0.000000 1 
77 0.992964 8.578962e-02 -0.081625 3.021280e+03 0.093963 -1.513214e-01 0.984008 4.042500e+02 0.072066 -9.847550e-01 -0.158317 1.257466e+02 0.000000 0 0.000000 1 
78 0.987880 9.227610e-02 -0.124816 3.021163e+03 0.137545 -1.477137e-01 0.979419 4.049202e+02 0.071940 -9.847163e-01 -0.158615 1.257003e+02 0.000000 0 0.000000 1 
79 0.980746 1.016026e-01 -0.166777 3.021012e+03 0.180357 -1.437202e-01 0.973045 4.055906e+02 0.074895 -9.843891e-01 -0.159277 1.256560e+02 0.000000 0 0.000000 1 
80 0.972688 1.043554e-01 -0.207338 3.020845e+03 0.220925 -1.421614e-01 0.964874 4.062683e+02 0.071215 -9.843275e-01 -0.161332 1.256096e+02 0.000000 0 0.000000 1 
81 0.963444 1.049983e-01 -0.246478 3.020658e+03 0.259784 -1.412578e-01 0.955279 4.069487e+02 0.065486 -9.843892e-01 -0.163370 1.255682e+02 0.000000 0 0.000000 1 
82 0.953055 1.047682e-01 -0.284094 3.020446e+03 0.297122 -1.427699e-01 0.944106 4.076297e+02 0.058352 -9.841955e-01 -0.167196 1.255228e+02 0.000000 0 0.000000 1 
83 0.941232 1.043193e-01 -0.321248 3.020206e+03 0.333850 -1.429929e-01 0.931717 4.083079e+02 0.051260 -9.842108e-01 -0.169416 1.254744e+02 0.000000 0 0.000000 1 
84 0.928040 1.038350e-01 -0.357716 3.019939e+03 0.369981 -1.458672e-01 0.917517 4.089879e+02 0.043092 -9.838402e-01 -0.173787 1.254225e+02 0.000000 0 0.000000 1 
85 0.913745 1.037017e-01 -0.392832 3.019645e+03 0.404795 -1.494877e-01 0.902106 4.096667e+02 0.034827 -9.833106e-01 -0.178571 1.253685e+02 0.000000 0 0.000000 1 
86 0.898987 1.044833e-01 -0.425331 3.019324e+03 0.437081 -1.519546e-01 0.886493 4.103382e+02 0.027993 -9.828497e-01 -0.182272 1.253129e+02 0.000000 0 0.000000 1 
87 0.884244 1.055895e-01 -0.454933 3.018979e+03 0.466492 -1.531028e-01 0.871174 4.110047e+02 0.022336 -9.825532e-01 -0.184636 1.252565e+02 0.000000 0 0.000000 1 
88 0.869838 1.053013e-01 -0.481969 3.018615e+03 0.493063 -1.528969e-01 0.856453 4.116693e+02 0.016494 -9.826162e-01 -0.184915 1.251971e+02 0.000000 0 0.000000 1 
89 0.856139 1.066441e-01 -0.505621 3.018226e+03 0.516582 -1.520186e-01 0.842635 4.123327e+02 0.012998 -9.826077e-01 -0.185239 1.251330e+02 0.000000 0 0.000000 1 
90 0.843373 1.087048e-01 -0.526218 3.017816e+03 0.537221 -1.509758e-01 0.829819 4.129929e+02 0.010759 -9.825426e-01 -0.185727 1.250684e+02 0.000000 0 0.000000 1 
91 0.831343 1.119646e-01 -0.544365 3.017385e+03 0.555656 -1.483646e-01 0.818068 4.136527e+02 0.010830 -9.825743e-01 -0.185555 1.250055e+02 0.000000 0 0.000000 1 
92 0.819959 1.150942e-01 -0.560733 3.016936e+03 0.572300 -1.445152e-01 0.807210 4.143087e+02 0.011871 -9.827864e-01 -0.184364 1.249420e+02 0.000000 0 0.000000 1 
93 0.809209 1.165282e-01 -0.575849 3.016474e+03 0.587396 -1.402090e-01 0.797062 4.149640e+02 0.012141 -9.832411e-01 -0.181906 1.248803e+02 0.000000 0 0.000000 1 
94 0.799172 1.175188e-01 -0.589503 3.015996e+03 0.600968 -1.354067e-01 0.787720 4.156202e+02 0.012750 -9.837961e-01 -0.178837 1.248188e+02 0.000000 0 0.000000 1 
95 0.789865 1.188470e-01 -0.601655 3.015504e+03 0.613114 -1.301522e-01 0.779199 4.162746e+02 0.014299 -9.843456e-01 -0.175669 1.247577e+02 0.000000 0 0.000000 1 
96 0.781164 1.208671e-01 -0.612515 3.014999e+03 0.624081 -1.236425e-01 0.771515 4.169280e+02 0.017518 -9.849387e-01 -0.172015 1.247001e+02 0.000000 0 0.000000 1 
97 0.774209 1.230640e-01 -0.620851 3.014481e+03 0.632606 -1.190326e-01 0.765272 4.175856e+02 0.020276 -9.852345e-01 -0.170006 1.246420e+02 0.000000 0 0.000000 1 
98 0.768881 1.257677e-01 -0.626900 3.013958e+03 0.638883 -1.119926e-01 0.761109 4.182421e+02 0.025515 -9.857183e-01 -0.166459 1.245888e+02 0.000000 0 0.000000 1 
99 0.765677 1.258012e-01 -0.630803 3.013430e+03 0.642590 -1.060233e-01 0.758839 4.189052e+02 0.028583 -9.863740e-01 -0.162017 1.245396e+02 0.000000 0 0.000000 1 
100 0.762969 1.243550e-01 -0.634361 3.012898e+03 0.645776 -1.022951e-01 0.756644 4.195757e+02 0.029201 -9.869509e-01 -0.158353 1.244900e+02 0.000000 0 0.000000 1 
101 0.760431 1.227638e-01 -0.637710 3.012362e+03 0.648873 -1.033703e-01 0.753842 4.202577e+02 0.026625 -9.870380e-01 -0.158263 1.244378e+02 0.000000 0 0.000000 1 
102 0.757364 1.234434e-01 -0.641219 3.011816e+03 0.652432 -1.023302e-01 0.750907 4.209356e+02 0.027079 -9.870617e-01 -0.158039 1.243911e+02 0.000000 0 0.000000 1 
103 0.754633 1.197216e-01 -0.645133 3.011270e+03 0.655697 -1.011515e-01 0.748218 4.216143e+02 0.024322 -9.876414e-01 -0.154833 1.243495e+02 0.000000 0 0.000000 1 
104 0.751660 1.167575e-01 -0.649134 3.010722e+03 0.659238 -1.026622e-01 0.744893 4.222973e+02 0.020331 -9.878404e-01 -0.154137 1.243017e+02 0.000000 0 0.000000 1 
105 0.748664 1.169196e-01 -0.652558 3.010163e+03 0.662705 -1.052184e-01 0.741453 4.229805e+02 0.018030 -9.875522e-01 -0.156256 1.242547e+02 0.000000 0 0.000000 1 
106 0.745802 1.189494e-01 -0.655462 3.009594e+03 0.665957 -1.083312e-01 0.738083 4.236633e+02 0.016788 -9.869731e-01 -0.160008 1.242098e+02 0.000000 0 0.000000 1 
107 0.742772 1.170808e-01 -0.659228 3.009032e+03 0.669363 -1.068921e-01 0.735206 4.243358e+02 0.015613 -9.873533e-01 -0.157765 1.241681e+02 0.000000 0 0.000000 1 
108 0.739791 1.145788e-01 -0.663009 3.008467e+03 0.672675 -1.042576e-01 0.732557 4.250053e+02 0.014812 -9.879284e-01 -0.154202 1.241220e+02 0.000000 0 0.000000 1 
109 0.736554 1.166159e-01 -0.666250 3.007888e+03 0.676164 -1.020892e-01 0.729644 4.256731e+02 0.017071 -9.879165e-01 -0.154045 1.240721e+02 0.000000 0 0.000000 1 
110 0.733420 1.204997e-01 -0.669010 3.007305e+03 0.679557 -1.049551e-01 0.726077 4.263459e+02 0.017276 -9.871498e-01 -0.158862 1.240247e+02 0.000000 0 0.000000 1 
111 0.730366 1.237906e-01 -0.671745 3.006721e+03 0.682836 -1.073032e-01 0.722649 4.270123e+02 0.017377 -9.864899e-01 -0.162898 1.239761e+02 0.000000 0 0.000000 1 
112 0.727066 1.241180e-01 -0.675255 3.006141e+03 0.686292 -1.034805e-01 0.719928 4.276623e+02 0.019481 -9.868571e-01 -0.160417 1.239282e+02 0.000000 0 0.000000 1 
113 0.723907 1.239891e-01 -0.678665 3.005558e+03 0.689558 -9.914619e-02 0.717412 4.283073e+02 0.021665 -9.873182e-01 -0.157269 1.238805e+02 0.000000 0 0.000000 1 
114 0.720787 1.240151e-01 -0.681973 3.004979e+03 0.692805 -9.751457e-02 0.714502 4.289495e+02 0.022107 -9.874774e-01 -0.156205 1.238375e+02 0.000000 0 0.000000 1 
115 0.717564 1.252841e-01 -0.685132 3.004400e+03 0.696096 -9.575385e-02 0.711535 4.295829e+02 0.023540 -9.874895e-01 -0.155918 1.237965e+02 0.000000 0 0.000000 1 
116 0.714656 1.275123e-01 -0.687755 3.003824e+03 0.699033 -9.515670e-02 0.708731 4.302065e+02 0.024928 -9.872620e-01 -0.157139 1.237522e+02 0.000000 0 0.000000 1 
117 0.711506 1.283334e-01 -0.690861 3.003255e+03 0.702169 -9.234147e-02 0.705998 4.308157e+02 0.026808 -9.874229e-01 -0.155812 1.237162e+02 0.000000 0 0.000000 1 
118 0.708252 1.293064e-01 -0.694017 3.002691e+03 0.705335 -8.822810e-02 0.703363 4.314103e+02 0.029718 -9.876721e-01 -0.153691 1.236801e+02 0.000000 0 0.000000 1 
119 0.705455 1.271952e-01 -0.697248 3.002140e+03 0.708133 -8.526572e-02 0.700913 4.319935e+02 0.029702 -9.882063e-01 -0.150221 1.236457e+02 0.000000 0 0.000000 1 
120 0.702294 1.280386e-01 -0.700278 3.001596e+03 0.711279 -8.552862e-02 0.697688 4.325669e+02 0.029437 -9.880746e-01 -0.151137 1.236082e+02 0.000000 0 0.000000 1 
121 0.698602 1.320383e-01 -0.703222 3.001054e+03 0.714855 -8.670882e-02 0.693877 4.331267e+02 0.030643 -9.874452e-01 -0.154962 1.235746e+02 0.000000 0 0.000000 1 
122 0.694244 1.339953e-01 -0.707156 3.000523e+03 0.719042 -8.587547e-02 0.689641 4.336652e+02 0.031682 -9.872543e-01 -0.155966 1.235438e+02 0.000000 0 0.000000 1 
123 0.689000 1.339519e-01 -0.712275 3.000005e+03 0.724021 -8.278806e-02 0.684792 4.341812e+02 0.032762 -9.875239e-01 -0.154024 1.235138e+02 0.000000 0 0.000000 1 
124 0.683808 1.294593e-01 -0.718086 2.999503e+03 0.729024 -8.005443e-02 0.679791 4.346854e+02 0.030520 -9.883481e-01 -0.149120 1.234890e+02 0.000000 0 0.000000 1 
125 0.678002 1.283650e-01 -0.723765 2.999000e+03 0.734446 -7.805317e-02 0.674164 4.351741e+02 0.030047 -9.886509e-01 -0.147197 1.234602e+02 0.000000 0 0.000000 1 
126 0.671538 1.336841e-01 -0.728811 2.998497e+03 0.740278 -7.851679e-02 0.667701 4.356486e+02 0.032037 -9.879090e-01 -0.151690 1.234260e+02 0.000000 0 0.000000 1 
127 0.664725 1.395546e-01 -0.733938 2.998001e+03 0.746303 -7.900002e-02 0.660902 4.361023e+02 0.034251 -9.870582e-01 -0.156662 1.233941e+02 0.000000 0 0.000000 1 
128 0.657517 1.410419e-01 -0.740121 2.997523e+03 0.752731 -8.033009e-02 0.653410 4.365404e+02 0.032704 -9.867394e-01 -0.158984 1.233713e+02 0.000000 0 0.000000 1 
129 0.649684 1.404754e-01 -0.747113 2.997064e+03 0.759570 -7.977902e-02 0.645515 4.369540e+02 0.031075 -9.868649e-01 -0.158531 1.233484e+02 0.000000 0 0.000000 1 
130 0.641994 1.350373e-01 -0.754724 2.996628e+03 0.766257 -7.916647e-02 0.637639 4.373445e+02 0.026357 -9.876731e-01 -0.154297 1.233222e+02 0.000000 0 0.000000 1 
131 0.634200 1.325632e-01 -0.761720 2.996207e+03 0.772780 -7.741164e-02 0.629936 4.377075e+02 0.024541 -9.881472e-01 -0.151536 1.232965e+02 0.000000 0 0.000000 1 
132 0.625828 1.354367e-01 -0.768112 2.995798e+03 0.779397 -7.112925e-02 0.622480 4.380330e+02 0.029672 -9.882297e-01 -0.150073 1.232763e+02 0.000000 0 0.000000 1 
133 0.617535 1.402727e-01 -0.773934 2.995406e+03 0.785763 -6.619151e-02 0.614976 4.383306e+02 0.035037 -9.878981e-01 -0.151096 1.232582e+02 0.000000 0 0.000000 1 
134 0.609508 1.450426e-01 -0.779399 2.995040e+03 0.791804 -6.259395e-02 0.607560 4.386055e+02 0.039337 -9.874437e-01 -0.152996 1.232379e+02 0.000000 0 0.000000 1 
135 0.602281 1.450319e-01 -0.784999 2.994708e+03 0.797355 -6.185634e-02 0.600333 4.388620e+02 0.038511 -9.874918e-01 -0.152896 1.232214e+02 0.000000 0 0.000000 1 
136 0.595444 1.403015e-01 -0.791051 2.994411e+03 0.802714 -6.328242e-02 0.592998 4.390995e+02 0.033139 -9.880847e-01 -0.150302 1.232101e+02 0.000000 0 0.000000 1 
137 0.589477 1.384049e-01 -0.795840 2.994137e+03 0.807223 -6.414183e-02 0.586752 4.393114e+02 0.030163 -9.882967e-01 -0.149533 1.232019e+02 0.000000 0 0.000000 1 
138 0.584487 1.402430e-01 -0.799191 2.993882e+03 0.810770 -6.202935e-02 0.582069 4.394924e+02 0.032058 -9.881724e-01 -0.149959 1.231935e+02 0.000000 0 0.000000 1 
139 0.579539 1.421524e-01 -0.802451 2.993653e+03 0.814131 -5.700353e-02 0.577877 4.396446e+02 0.036404 -9.882023e-01 -0.148766 1.231861e+02 0.000000 0 0.000000 1 
140 0.575153 1.417499e-01 -0.805671 2.993456e+03 0.817139 -5.317726e-02 0.573983 4.397785e+02 0.038519 -9.884734e-01 -0.146414 1.231790e+02 0.000000 0 0.000000 1 
141 0.571541 1.385603e-01 -0.808790 2.993289e+03 0.819708 -5.113249e-02 0.570495 4.398975e+02 0.037693 -9.890333e-01 -0.142802 1.231734e+02 0.000000 0 0.000000 1 
143 0.565694 1.311064e-01 -0.814126 2.993024e+03 0.823928 -4.953174e-02 0.564527 4.400913e+02 0.033688 -9.901304e-01 -0.136041 1.231627e+02 0.000000 0 0.000000 1 
145 0.561515 1.292161e-01 -0.817315 2.992833e+03 0.826812 -4.832825e-02 0.560398 4.402237e+02 0.032913 -9.904383e-01 -0.133974 1.231598e+02 0.000000 0 0.000000 1 
148 0.557194 1.229080e-01 -0.821236 2.992666e+03 0.829776 -4.461286e-02 0.556311 4.403391e+02 0.031738 -9.914150e-01 -0.126843 1.231597e+02 0.000000 0 0.000000 1 
151 0.553144 1.167757e-01 -0.824860 2.992498e+03 0.832540 -4.162902e-02 0.552400 4.404543e+02 0.030169 -9.922857e-01 -0.120246 1.231598e+02 0.000000 0 0.000000 1 
154 0.548179 1.152834e-01 -0.828377 2.992295e+03 0.835887 -4.217029e-02 0.547279 4.405935e+02 0.028160 -9.924373e-01 -0.119480 1.231542e+02 0.000000 0 0.000000 1 
157 0.542599 1.134034e-01 -0.832302 2.992057e+03 0.839622 -4.378874e-02 0.541404 4.407567e+02 0.024952 -9.925838e-01 -0.118975 1.231466e+02 0.000000 0 0.000000 1 
159 0.537199 1.132903e-01 -0.835812 2.991876e+03 0.843071 -4.216293e-02 0.536148 4.408683e+02 0.025500 -9.926671e-01 -0.118161 1.231422e+02 0.000000 0 0.000000 1 
161 0.527732 1.127221e-01 -0.841898 2.991680e+03 0.849091 -4.279259e-02 0.526511 4.409867e+02 0.023323 -9.927049e-01 -0.118294 1.231369e+02 0.000000 0 0.000000 1 
163 0.513054 1.129826e-01 -0.850888 2.991461e+03 0.858127 -4.457248e-02 0.511500 4.411092e+02 0.019865 -9.925969e-01 -0.119821 1.231287e+02 0.000000 0 0.000000 1 
165 0.493609 1.128808e-01 -0.862327 2.991206e+03 0.869478 -4.244472e-02 0.492145 4.412319e+02 0.018953 -9.927018e-01 -0.119098 1.231210e+02 0.000000 0 0.000000 1 
167 0.467054 1.111494e-01 -0.877215 2.990895e+03 0.884084 -4.071632e-02 0.465552 4.413714e+02 0.016029 -9.929695e-01 -0.117281 1.231146e+02 0.000000 0 0.000000 1 
168 0.449168 1.106853e-01 -0.886564 2.990713e+03 0.893363 -4.199882e-02 0.447369 4.414489e+02 0.012283 -9.929679e-01 -0.117746 1.231117e+02 0.000000 0 0.000000 1 
169 0.428519 1.111988e-01 -0.896664 2.990510e+03 0.903489 -4.284839e-02 0.426466 4.415270e+02 0.009002 -9.928743e-01 -0.118827 1.231078e+02 0.000000 0 0.000000 1 
170 0.405369 1.129475e-01 -0.907149 2.990285e+03 0.914136 -4.388550e-02 0.403027 4.416041e+02 0.005710 -9.926315e-01 -0.121038 1.231029e+02 0.000000 0 0.000000 1 
171 0.379518 1.166363e-01 -0.917803 2.990038e+03 0.925175 -4.329237e-02 0.377065 4.416785e+02 0.004246 -9.922309e-01 -0.124338 1.230953e+02 0.000000 0 0.000000 1 
172 0.351014 1.179854e-01 -0.928907 2.989776e+03 0.936371 -4.463163e-02 0.348165 4.417525e+02 -0.000380 -9.920121e-01 -0.126144 1.230878e+02 0.000000 0 0.000000 1 
173 0.319769 1.198601e-01 -0.939883 2.989493e+03 0.947494 -4.226514e-02 0.316969 4.418157e+02 -0.001732 -9.918910e-01 -0.127081 1.230807e+02 0.000000 0 0.000000 1 
174 0.286154 1.203744e-01 -0.950592 2.989191e+03 0.958178 -3.947580e-02 0.283438 4.418703e+02 -0.003406 -9.919436e-01 -0.126635 1.230737e+02 0.000000 0 0.000000 1 
175 0.249776 1.186246e-01 -0.961010 2.988870e+03 0.968260 -4.007772e-02 0.246713 4.419262e+02 -0.009249 -9.921303e-01 -0.124869 1.230658e+02 0.000000 0 0.000000 1 
176 0.211118 1.176505e-01 -0.970354 2.988525e+03 0.977332 -4.154947e-02 0.207598 4.419758e+02 -0.015893 -9.921857e-01 -0.123755 1.230548e+02 0.000000 0 0.000000 1 
177 0.169833 1.184444e-01 -0.978329 2.988153e+03 0.985320 -3.792867e-02 0.166454 4.420020e+02 -0.017391 -9.922363e-01 -0.123146 1.230434e+02 0.000000 0 0.000000 1 
178 0.125796 1.195929e-01 -0.984821 2.987760e+03 0.991923 -3.147275e-02 0.122881 4.420057e+02 -0.016299 -9.923243e-01 -0.122585 1.230319e+02 0.000000 0 0.000000 1 
179 0.080112 1.198529e-01 -0.989554 2.987347e+03 0.996562 -3.067412e-02 0.076965 4.420036e+02 -0.021129 -9.923179e-01 -0.121897 1.230208e+02 0.000000 0 0.000000 1 
180 0.032536 1.187264e-01 -0.992394 2.986920e+03 0.999065 -3.217930e-02 0.028905 4.419903e+02 -0.028502 -9.924057e-01 -0.119661 1.230123e+02 0.000000 0 0.000000 1 
181 -0.016886 1.180685e-01 -0.992862 2.986477e+03 0.999390 -2.837574e-02 -0.020371 4.419436e+02 -0.030578 -9.926002e-01 -0.117517 1.229992e+02 0.000000 0 0.000000 1 
182 -0.068554 1.178419e-01 -0.990663 2.986016e+03 0.997149 -2.331319e-02 -0.071776 4.418648e+02 -0.031553 -9.927589e-01 -0.115907 1.229822e+02 0.000000 0 0.000000 1 
183 -0.121321 1.182257e-01 -0.985547 2.985534e+03 0.992083 -1.803959e-02 -0.124289 4.417651e+02 -0.032473 -9.928231e-01 -0.115100 1.229651e+02 0.000000 0 0.000000 1 
184 -0.175179 1.192249e-01 -0.977291 2.985051e+03 0.983940 -1.335740e-02 -0.178000 4.416363e+02 -0.034276 -9.927777e-01 -0.114969 1.229587e+02 0.000000 0 0.000000 1 
185 -0.229855 1.199444e-01 -0.965805 2.984554e+03 0.972475 -1.064557e-02 -0.232764 4.414823e+02 -0.038200 -9.927238e-01 -0.114195 1.229470e+02 0.000000 0 0.000000 1 
186 -0.284388 1.205094e-01 -0.951105 2.984049e+03 0.957763 -8.356953e-03 -0.287437 4.412988e+02 -0.042587 -9.926772e-01 -0.113042 1.229375e+02 0.000000 0 0.000000 1 
187 -0.337706 1.232181e-01 -0.933152 2.983535e+03 0.940186 -3.011289e-03 -0.340648 4.410780e+02 -0.044784 -9.923753e-01 -0.114830 1.229286e+02 0.000000 0 0.000000 1 
188 -0.388677 1.222668e-01 -0.913225 2.983024e+03 0.920362 5.075924e-03 -0.391034 4.408195e+02 -0.043175 -9.924845e-01 -0.114502 1.229185e+02 0.000000 0 0.000000 1 
189 -0.437150 1.187620e-01 -0.891513 2.982513e+03 0.898451 1.239314e-02 -0.438900 4.405296e+02 -0.041076 -9.928456e-01 -0.112119 1.229085e+02 0.000000 0 0.000000 1 
190 -0.483092 1.159851e-01 -0.867854 2.982003e+03 0.874670 1.898743e-02 -0.484347 4.402082e+02 -0.039698 -9.930697e-01 -0.110620 1.228994e+02 0.000000 0 0.000000 1 
191 -0.526187 1.158069e-01 -0.842447 2.981487e+03 0.849335 2.272735e-02 -0.527365 4.398614e+02 -0.041926 -9.930119e-01 -0.110317 1.228887e+02 0.000000 0 0.000000 1 
192 -0.565751 1.148556e-01 -0.816538 2.980971e+03 0.823424 2.635474e-02 -0.566814 4.394850e+02 -0.043582 -9.930328e-01 -0.109484 1.228802e+02 0.000000 0 0.000000 1 
193 -0.600985 1.127116e-01 -0.791273 2.980458e+03 0.798096 3.118841e-02 -0.601723 4.390767e+02 -0.043142 -9.931384e-01 -0.108698 1.228719e+02 0.000000 0 0.000000 1 
194 -0.632132 1.084775e-01 -0.767230 2.979947e+03 0.773894 3.894383e-02 -0.632116 4.386331e+02 -0.038691 -9.933360e-01 -0.108567 1.228629e+02 0.000000 0 0.000000 1 
195 -0.659964 1.056796e-01 -0.743828 2.979437e+03 0.750359 4.321586e-02 -0.659617 4.381684e+02 -0.037563 -9.934610e-01 -0.107818 1.228560e+02 0.000000 0 0.000000 1 
196 -0.685883 1.039337e-01 -0.720252 2.978924e+03 0.726687 4.528479e-02 -0.685475 4.376796e+02 -0.038627 -9.935530e-01 -0.106586 1.228476e+02 0.000000 0 0.000000 1 
197 -0.709988 1.033160e-01 -0.696595 2.978413e+03 0.702993 4.573304e-02 -0.709725 4.371678e+02 -0.041468 -9.935969e-01 -0.105099 1.228407e+02 0.000000 0 0.000000 1 
198 -0.732008 1.008317e-01 -0.673794 2.977907e+03 0.680051 4.834377e-02 -0.731569 4.366241e+02 -0.041191 -9.937285e-01 -0.103958 1.228350e+02 0.000000 0 0.000000 1 
199 -0.752072 9.983926e-02 -0.651476 2.977404e+03 0.657829 5.278466e-02 -0.751316 4.360520e+02 -0.040623 -9.936027e-01 -0.105374 1.228276e+02 0.000000 0 0.000000 1 
200 -0.770245 9.701638e-02 -0.630326 2.976907e+03 0.636586 5.730844e-02 -0.769073 4.354562e+02 -0.038489 -9.936317e-01 -0.105900 1.228217e+02 0.000000 0 0.000000 1 
201 -0.785287 9.419991e-02 -0.611925 2.976419e+03 0.618069 6.135300e-02 -0.783726 4.348436e+02 -0.036283 -9.936612e-01 -0.106401 1.228153e+02 0.000000 0 0.000000 1 
202 -0.797119 9.099381e-02 -0.596927 2.975929e+03 0.602887 6.491964e-02 -0.795181 4.342113e+02 -0.033604 -9.937334e-01 -0.106607 1.228074e+02 0.000000 0 0.000000 1 
203 -0.805953 8.728489e-02 -0.585509 2.975441e+03 0.591199 6.790144e-02 -0.803662 4.335620e+02 -0.030390 -9.938668e-01 -0.106327 1.228018e+02 0.000000 0 0.000000 1 
204 -0.812723 8.459049e-02 -0.576478 2.974949e+03 0.581970 7.004172e-02 -0.810188 4.329022e+02 -0.028156 -9.939512e-01 -0.106153 1.227946e+02 0.000000 0 0.000000 1 
205 -0.818599 8.268854e-02 -0.568382 2.974449e+03 0.573718 7.071959e-02 -0.815994 4.322290e+02 -0.027277 -9.940633e-01 -0.105330 1.227870e+02 0.000000 0 0.000000 1 
206 -0.824324 8.153343e-02 -0.560216 2.973947e+03 0.565462 7.094047e-02 -0.821718 4.315395e+02 -0.027255 -9.941430e-01 -0.104581 1.227816e+02 0.000000 0 0.000000 1 
207 -0.829860 8.147338e-02 -0.551992 2.973440e+03 0.557250 7.068397e-02 -0.827331 4.308334e+02 -0.028388 -9.941661e-01 -0.104058 1.227752e+02 0.000000 0 0.000000 1 
208 -0.835189 8.009510e-02 -0.544100 2.972937e+03 0.549288 7.242201e-02 -0.832489 4.301107e+02 -0.027273 -9.941531e-01 -0.104480 1.227685e+02 0.000000 0 0.000000 1 
209 -0.839991 7.914139e-02 -0.536798 2.972432e+03 0.541966 7.452875e-02 -0.837089 4.293707e+02 -0.026241 -9.940737e-01 -0.105495 1.227606e+02 0.000000 0 0.000000 1 
210 -0.844748 7.839286e-02 -0.529393 2.971922e+03 0.534543 7.586634e-02 -0.841729 4.286152e+02 -0.025822 -9.940319e-01 -0.105991 1.227524e+02 0.000000 0 0.000000 1 
211 -0.849015 7.642662e-02 -0.522812 2.971416e+03 0.527813 7.730480e-02 -0.845835 4.278497e+02 -0.024228 -9.940741e-01 -0.105971 1.227431e+02 0.000000 0 0.000000 1 
212 -0.851622 7.318117e-02 -0.519024 2.970907e+03 0.523727 7.865419e-02 -0.848247 4.270684e+02 -0.021252 -9.942125e-01 -0.105310 1.227345e+02 0.000000 0 0.000000 1 
213 -0.852831 7.074774e-02 -0.517374 2.970387e+03 0.521855 8.007894e-02 -0.849267 4.262767e+02 -0.018653 -9.942749e-01 -0.105213 1.227237e+02 0.000000 0 0.000000 1 
214 -0.853323 6.922118e-02 -0.516767 2.969860e+03 0.521118 8.165972e-02 -0.849569 4.254699e+02 -0.016609 -9.942538e-01 -0.105754 1.227143e+02 0.000000 0 0.000000 1 
215 -0.853691 6.969194e-02 -0.516097 2.969320e+03 0.520518 8.263925e-02 -0.849842 4.246533e+02 -0.016577 -9.941400e-01 -0.106823 1.227064e+02 0.000000 0 0.000000 1 
216 -0.854181 6.999252e-02 -0.515245 2.968776e+03 0.519709 8.309981e-02 -0.850292 4.238350e+02 -0.016697 -9.940804e-01 -0.107357 1.226961e+02 0.000000 0 0.000000 1 
217 -0.854695 6.935345e-02 -0.514477 2.968230e+03 0.518896 8.433126e-02 -0.850667 4.230050e+02 -0.015610 -9.940215e-01 -0.108064 1.226844e+02 0.000000 0 0.000000 1 
218 -0.855134 6.974375e-02 -0.513695 2.967678e+03 0.518177 8.536682e-02 -0.851003 4.221640e+02 -0.015499 -9.939058e-01 -0.109139 1.226733e+02 0.000000 0 0.000000 1 
219 -0.855619 7.110213e-02 -0.512700 2.967118e+03 0.517348 8.613177e-02 -0.851430 4.213145e+02 -0.016378 -9.937436e-01 -0.110480 1.226633e+02 0.000000 0 0.000000 1 
220 -0.856180 7.035771e-02 -0.511865 2.966555e+03 0.516431 8.587417e-02 -0.852012 4.204589e+02 -0.015989 -9.938188e-01 -0.109858 1.226519e+02 0.000000 0 0.000000 1 
221 -0.856383 6.988853e-02 -0.511590 2.965991e+03 0.516104 8.578701e-02 -0.852219 4.195900e+02 -0.015672 -9.938595e-01 -0.109535 1.226388e+02 0.000000 0 0.000000 1 
222 -0.856273 7.085693e-02 -0.511641 2.965416e+03 0.516266 8.612001e-02 -0.852087 4.187148e+02 -0.016313 -9.937621e-01 -0.110322 1.226244e+02 0.000000 0 0.000000 1 
223 -0.855994 7.283915e-02 -0.511830 2.964834e+03 0.516664 8.555652e-02 -0.851902 4.178335e+02 -0.018261 -9.936675e-01 -0.110868 1.226168e+02 0.000000 0 0.000000 1 
224 -0.855886 7.549447e-02 -0.511625 2.964243e+03 0.516768 8.608857e-02 -0.851786 4.169415e+02 -0.020260 -9.934233e-01 -0.112694 1.226017e+02 0.000000 0 0.000000 1 
225 -0.855675 7.840973e-02 -0.511540 2.963645e+03 0.516992 8.508456e-02 -0.851751 4.160405e+02 -0.023261 -9.932839e-01 -0.113341 1.225833e+02 0.000000 0 0.000000 1 
226 -0.855705 8.005409e-02 -0.511234 2.963039e+03 0.516838 8.360575e-02 -0.851991 4.151307e+02 -0.025463 -9.932784e-01 -0.112916 1.225677e+02 0.000000 0 0.000000 1 
227 -0.855896 7.940883e-02 -0.511015 2.962431e+03 0.516446 7.975890e-02 -0.852597 4.142154e+02 -0.026945 -9.936464e-01 -0.109275 1.225516e+02 0.000000 0 0.000000 1 
228 -0.855916 7.968252e-02 -0.510939 2.961820e+03 0.516312 7.661574e-02 -0.852966 4.132943e+02 -0.028820 -9.938718e-01 -0.106717 1.225373e+02 0.000000 0 0.000000 1 
229 -0.856094 7.737692e-02 -0.510995 2.961207e+03 0.516059 7.431919e-02 -0.853323 4.123595e+02 -0.028050 -9.942283e-01 -0.103554 1.225309e+02 0.000000 0 0.000000 1 
230 -0.856375 7.643837e-02 -0.510666 2.960589e+03 0.515591 7.279513e-02 -0.853737 4.114125e+02 -0.028084 -9.944136e-01 -0.101750 1.225234e+02 0.000000 0 0.000000 1 
231 -0.856719 7.799644e-02 -0.509853 2.959959e+03 0.515001 7.488786e-02 -0.853912 4.104512e+02 -0.028420 -9.941372e-01 -0.104325 1.225118e+02 0.000000 0 0.000000 1 
232 -0.856932 7.979597e-02 -0.509217 2.959323e+03 0.514685 7.931349e-02 -0.853703 4.094735e+02 -0.027734 -9.936511e-01 -0.109035 1.224978e+02 0.000000 0 0.000000 1 
233 -0.857363 7.959925e-02 -0.508521 2.958686e+03 0.514036 8.174497e-02 -0.853864 4.084906e+02 -0.026398 -9.934698e-01 -0.111001 1.224834e+02 0.000000 0 0.000000 1 
234 -0.857483 7.971343e-02 -0.508300 2.958043e+03 0.513809 8.103184e-02 -0.854069 4.074997e+02 -0.026892 -9.935190e-01 -0.110440 1.224658e+02 0.000000 0 0.000000 1 
235 -0.857777 8.046819e-02 -0.507686 2.957388e+03 0.513324 8.257685e-02 -0.854213 4.064947e+02 -0.026814 -9.933310e-01 -0.112138 1.224471e+02 0.000000 0 0.000000 1 
236 -0.858058 8.144323e-02 -0.507054 2.956728e+03 0.512854 8.438943e-02 -0.854318 4.054798e+02 -0.026788 -9.930991e-01 -0.114179 1.224285e+02 0.000000 0 0.000000 1 
237 -0.858260 8.093423e-02 -0.506795 2.956068e+03 0.512516 8.357212e-02 -0.854601 4.044588e+02 -0.026812 -9.932099e-01 -0.113206 1.224107e+02 0.000000 0 0.000000 1 
238 -0.858198 7.794112e-02 -0.507368 2.955399e+03 0.512669 8.038969e-02 -0.854815 4.034316e+02 -0.025838 -9.937118e-01 -0.108947 1.223948e+02 0.000000 0 0.000000 1 
239 -0.857657 7.612814e-02 -0.508557 2.954728e+03 0.513605 7.832698e-02 -0.854444 4.023980e+02 -0.025213 -9.940170e-01 -0.106277 1.223811e+02 0.000000 0 0.000000 1 
240 -0.857084 7.522302e-02 -0.509656 2.954048e+03 0.514604 7.837157e-02 -0.853838 4.013551e+02 -0.024286 -9.940824e-01 -0.105880 1.223713e+02 0.000000 0 0.000000 1 
241 -0.856671 7.521725e-02 -0.510351 2.953361e+03 0.515322 7.943480e-02 -0.853307 4.003084e+02 -0.023644 -9.939985e-01 -0.106810 1.223636e+02 0.000000 0 0.000000 1 
242 -0.856138 7.631482e-02 -0.511082 2.952672e+03 0.516203 8.086474e-02 -0.852640 3.992523e+02 -0.023740 -9.937995e-01 -0.108624 1.223529e+02 0.000000 0 0.000000 1 
243 -0.855684 7.828527e-02 -0.511543 2.951972e+03 0.516922 8.264602e-02 -0.852033 3.981932e+02 -0.024424 -9.934996e-01 -0.111185 1.223406e+02 0.000000 0 0.000000 1 
244 -0.855289 8.009040e-02 -0.511925 2.951270e+03 0.517539 8.398951e-02 -0.851527 3.971302e+02 -0.025203 -9.932430e-01 -0.113284 1.223255e+02 0.000000 0 0.000000 1 
245 -0.854999 8.028849e-02 -0.512378 2.950566e+03 0.517988 8.301830e-02 -0.851350 3.960662e+02 -0.025817 -9.933087e-01 -0.112568 1.223138e+02 0.000000 0 0.000000 1 
246 -0.854709 8.003725e-02 -0.512901 2.949858e+03 0.518419 8.071535e-02 -0.851308 3.949946e+02 -0.026737 -9.935188e-01 -0.110480 1.222991e+02 0.000000 0 0.000000 1 
247 -0.854591 7.911237e-02 -0.513241 2.949146e+03 0.518639 8.007523e-02 -0.851235 3.939166e+02 -0.026245 -9.936446e-01 -0.109462 1.222866e+02 0.000000 0 0.000000 1 
248 -0.854355 7.995205e-02 -0.513503 2.948424e+03 0.518977 7.952727e-02 -0.851080 3.928346e+02 -0.027208 -9.936214e-01 -0.109437 1.222729e+02 0.000000 0 0.000000 1 
249 -0.854236 7.970536e-02 -0.513740 2.947707e+03 0.519192 7.970776e-02 -0.850933 3.917528e+02 -0.026875 -9.936268e-01 -0.109471 1.222618e+02 0.000000 0 0.000000 1 
250 -0.854015 7.998271e-02 -0.514064 2.946985e+03 0.519545 7.972762e-02 -0.850715 3.906667e+02 -0.027057 -9.936029e-01 -0.109642 1.222491e+02 0.000000 0 0.000000 1 
251 -0.853543 8.279198e-02 -0.514404 2.946255e+03 0.520237 8.118384e-02 -0.850154 3.895722e+02 -0.028624 -9.932548e-01 -0.112364 1.222332e+02 0.000000 0 0.000000 1 
252 -0.853091 8.321962e-02 -0.515084 2.945528e+03 0.520975 8.163329e-02 -0.849659 3.884801e+02 -0.028660 -9.931822e-01 -0.112995 1.222208e+02 0.000000 0 0.000000 1 
253 -0.852406 8.309951e-02 -0.516235 2.944799e+03 0.522022 7.868922e-02 -0.849294 3.873942e+02 -0.029954 -9.934299e-01 -0.110454 1.222059e+02 0.000000 0 0.000000 1 
254 -0.851509 8.298543e-02 -0.517731 2.944065e+03 0.523491 7.836332e-02 -0.848420 3.863023e+02 -0.029835 -9.934652e-01 -0.110168 1.221903e+02 0.000000 0 0.000000 1 
255 -0.850364 8.373426e-02 -0.519490 2.943329e+03 0.525351 7.918784e-02 -0.847193 3.852075e+02 -0.029801 -9.933370e-01 -0.111328 1.221786e+02 0.000000 0 0.000000 1 
256 -0.849263 8.548858e-02 -0.521004 2.942589e+03 0.527102 8.068830e-02 -0.845962 3.841091e+02 -0.030281 -9.930667e-01 -0.113586 1.221621e+02 0.000000 0 0.000000 1 
257 -0.848316 8.722030e-02 -0.522258 2.941844e+03 0.528542 8.045697e-02 -0.845086 3.830132e+02 -0.031689 -9.929349e-01 -0.114352 1.221470e+02 0.000000 0 0.000000 1 
258 -0.847539 8.909267e-02 -0.523203 2.941093e+03 0.529652 7.905208e-02 -0.844523 3.819134e+02 -0.033880 -9.928815e-01 -0.114187 1.221314e+02 0.000000 0 0.000000 1 
259 -0.846985 9.103490e-02 -0.523766 2.940337e+03 0.530390 7.775687e-02 -0.844180 3.808116e+02 -0.036123 -9.928076e-01 -0.114142 1.221150e+02 0.000000 0 0.000000 1 
260 -0.846427 9.285008e-02 -0.524348 2.939583e+03 0.531151 7.702110e-02 -0.843769 3.797116e+02 -0.037958 -9.926969e-01 -0.114509 1.220976e+02 0.000000 0 0.000000 1 
261 -0.846050 9.463184e-02 -0.524639 2.938822e+03 0.531600 7.584828e-02 -0.843593 3.786065e+02 -0.040038 -9.926189e-01 -0.114477 1.220823e+02 0.000000 0 0.000000 1 
262 -0.845883 9.469365e-02 -0.524896 2.938065e+03 0.531775 7.368677e-02 -0.843674 3.775045e+02 -0.041212 -9.927758e-01 -0.112685 1.220680e+02 0.000000 0 0.000000 1 
263 -0.845835 9.468461e-02 -0.524975 2.937303e+03 0.531782 7.200919e-02 -0.843814 3.763955e+02 -0.042093 -9.928998e-01 -0.111259 1.220527e+02 0.000000 0 0.000000 1 
264 -0.845744 9.474671e-02 -0.525111 2.936542e+03 0.531879 7.094790e-02 -0.843843 3.752856e+02 -0.042696 -9.929703e-01 -0.110397 1.220395e+02 0.000000 0 0.000000 1 
